  -67.71990      -22.12360      0.6008000    
  -67.70800      -22.23600      0.2154000    
  -68.07850      -22.41040       29.66110    
  -67.45300      -21.85830       98.42120    
  -67.40270      -22.19010       97.28780    
  -67.61310      -21.97600      0.6470000    
  -67.40360      -21.88820      0.0000000E+00
  -67.41690      -22.75410       35.91060    
  -67.78390      -22.16340      0.0000000E+00
  -67.65410      -22.09450       20.48360    
  -67.60310      -22.08310       43.32800    
  -68.38110      -22.31980       83.81480    
  -67.33910      -22.62620       55.07000    
  -67.69970      -22.09410       50.80230    
  -67.65090      -22.35540      0.0000000E+00
  -67.15910      -22.39020       29.89750    
  -67.63050      -21.90410       45.30940    
  -67.25360      -22.18800       99.88710    
  -67.00730      -23.14510       75.92860    
  -67.74550      -22.15810       41.12330    
  -67.29380      -22.18240       4.268300    
  -67.20880      -22.70440       73.92250    
  -67.00500      -21.90330      0.8725000    
  -66.57070      -22.64340      0.6551000    
  -67.19870      -22.10110       97.27110    
  -67.20830      -22.41710       7.988200    
  -67.69160      -22.29800       1.374200    
  -66.73090      -22.51800      0.4331000    
  -67.64040      -21.91080       45.79270    
  -67.74040      -22.14330       46.71370    
  -67.63350      -21.92260       36.53150    
  -67.80550      -22.20230       60.64520    
  -67.20310      -22.23850      0.4907000    
  -67.41560      -22.33610       99.95190    
  -67.63890      -22.31140       29.05350    
  -67.69560      -22.11890       52.29410    
  -67.20660      -22.23240       8.615100    
  -67.21060      -22.23710      0.3783000    
  -67.70290      -22.11930       67.32110    
  -67.72690      -22.10480       48.05720    
  -67.25770      -22.17050       99.84810    
  -67.23830      -22.82890       90.04710    
  -67.59630      -22.26460       35.49330    
  -67.47690      -22.12370       71.74310    
  -67.05460      -21.85490       94.79080    
  -67.31180      -22.08960       99.10840    
  -67.43270      -22.50220       37.30690    
  -67.21020      -22.23780      0.5422000    
  -67.42720      -21.82630       84.53630    
  -67.65360      -22.52510       99.98810    
  -67.39810      -21.64660       99.97560    
  -67.77620      -22.06460       60.93930    
  -67.59190      -22.02400       45.46360    
  -67.68790      -21.85370       73.77990    
  -67.71340      -22.36210       37.71450    
  -66.97470      -22.48900       100.0000    
  -67.05660      -21.84820       99.99950    
  -67.76680      -22.19590       47.53630    
  -67.21040      -22.24040      0.4953000    
  -67.72150      -22.18970       39.56920    
  -67.53400      -22.37930       38.25520    
  -67.88570      -22.30090       51.29490    
  -67.06030      -21.81850       92.30130    
  -67.20830      -21.83770       53.73330    
  -67.76580      -22.08800       55.40520    
  -67.71640      -22.33860       30.69990    
  -67.70550      -21.99750       58.68180    
  -67.42780      -22.20010       16.38180    
  -67.35000      -22.17560       20.44060    
  -67.21350      -22.23920      0.6680000    
  -66.82080      -22.27660       97.02180    
  -67.38100      -21.79740       89.82230    
  -67.91260      -21.82710       77.42370    
  -67.60120      -22.26280       28.98720    
  -67.73720      -21.90870       66.07570    
  -67.75680      -22.25680       46.65760    
  -67.18060      -21.90020       74.30160    
  -67.18560      -22.26000      0.6399000    
  -67.21160      -22.24120      0.5625000    
  -67.21160      -22.24120      0.4719000    
  -67.14250      -22.30490      0.0000000E+00
  -67.63710      -22.24960       44.69660    
  -67.66880      -22.18320       19.77330    
  -67.85010      -22.18400      0.3151000    
  -67.67520      -22.02190       58.88440    
  -67.75170      -22.20600      0.5095000    
  -67.61520      -21.91140       36.55960    
  -67.66230      -22.26480       42.82380    
  -67.26710      -21.69860       99.52860    
  -67.36220      -22.11650       21.93400    
  -67.19990      -21.78430       80.30330    
  -67.02300      -22.62230       91.45980    
  -67.15200      -22.21650       12.14810    
  -66.80380      -22.37730       97.42670    
  -67.69990      -22.10980       54.22440    
  -67.79900      -22.12880       60.97490    
  -67.71490      -22.30960       32.98340    
  -67.20070      -22.82440       99.97990    
  -67.52880      -21.92700       26.68700    
  -67.22200      -21.79180       97.06940    
  -67.58560      -21.88530       45.37960    
  -67.55580      -22.18150      0.9564000    
  -67.68720      -22.07340       57.14120    
  -67.64090      -22.49500       37.54250    
  -67.71770      -22.11560       58.53640    
  -67.13770      -22.43250       2.260400    
  -67.14470      -22.41740       2.550900    
  -67.12840      -22.41100      0.7831000    
  -67.14330      -22.40580       1.089700    
  -67.14590      -22.41480       2.276500    
  -67.14310      -22.41110       1.570900    
  -67.14300      -22.41030       1.985300    
  -67.14580      -22.41710       3.027800    
  -67.14300      -22.41830       1.622200    
  -67.13900      -22.41020       2.091600    
  -67.14420      -22.41740       2.539000    
  -67.19630      -22.45560       7.378500    
  -67.15220      -22.42310       3.575200    
  -67.14710      -22.42730       2.192200    
  -67.14620      -22.42250       3.284800    
  -67.14630      -22.42500       3.527000    
  -67.13110      -22.45700       20.27060    
  -67.14620      -22.46670       3.150000    
  -67.14580      -22.41750       3.174500    
  -67.16950      -22.40230       3.823900    
  -67.14770      -22.41810       3.177300    
  -67.65780      -22.24430       29.52120    
  -67.53190      -22.40720       46.57640    
  -67.15120      -22.41310       4.838800    
  -67.36070      -22.21140       4.884100    
  -67.69180      -22.06800       42.28100    
  -67.68830      -21.92400       53.00960    
  -67.67540      -22.48280       53.45560    
  -67.19300      -22.89630       99.96930    
  -66.93700      -22.29430       99.69230    
  -67.17460      -21.78130       82.46940    
  -67.87660      -22.19900       51.05280    
  -67.68570      -22.09140       31.30900    
  -67.02740      -21.85710       99.99340    
  -67.74920      -22.07270       56.24250    
  -67.53470      -21.93440       36.46740    
  -67.69520      -22.45300       38.96110    
  -67.58870      -22.14080       38.41850    
  -67.06420      -22.39770       82.09490    
  -67.84410      -22.25430       46.79460    
  -67.40330      -21.90980       34.26100    
  -67.52480      -21.92320       34.37150    
  -67.79380      -22.04830       57.71680    
  -67.67530      -22.33460       39.87810    
  -67.67010      -21.86530       34.50010    
  -67.62460      -22.35120       39.15050    
  -67.36940      -21.95410       24.32490    
  -66.64340      -22.69800       65.39360    
  -67.25360      -22.78360       92.06050    
  -67.73520      -22.13480       47.12240    
  -67.10320      -22.59420       60.01030    
  -67.64740      -22.34610       20.12360    
  -67.13240      -22.70620       91.05500    
  -67.23500      -22.75030       90.66700    
  -67.05630      -21.77240       95.27970    
  -67.14190      -21.78080       39.76510    
  -67.12560      -22.49870       83.31970    
  -67.83840      -22.20330       14.75720    
  -67.73980      -22.25050       38.70990    
  -67.62070      -22.83790       71.02430    
  -67.68740      -22.05450       5.635800    
  -67.55840      -21.88930       42.27250    
  -67.10370      -21.94390       88.56750    
  -67.71060      -22.30190       39.77520    
  -67.05840      -22.50110       96.04110    
  -67.03000      -21.87240       88.57820    
  -67.19130      -22.38890       4.539400    
  -67.57920      -22.44300       46.19990    
  -67.84200      -22.21730       56.52010    
  -67.68470      -21.92050       61.54200    
  -67.62500      -22.58520      3.3000000E-03
  -67.16000      -22.45200       4.511000    
  -67.91830      -22.36730       54.38580    
  -67.72190      -22.26480       42.51440    
  -67.74320      -22.09470       47.78860    
  -67.59870      -21.89290       43.40840    
  -67.76330      -22.09820       48.84460    
  -66.96450      -21.84950       93.07620    
  -67.69350      -22.26610       38.72900    
  -67.56650      -22.05400       39.77660    
  -67.56260      -22.91470       65.85500    
  -66.92400      -22.32100       99.80850    
  -66.80760      -22.44500       2.268900    
  -67.71710      -22.39980       38.67680    
  -67.72970      -22.14260       50.54930    
  -67.74910      -22.00260       56.26630    
  -67.22470      -22.29450       3.866000    
  -67.16460      -22.32480       3.876200    
  -67.16610      -22.30930       3.716100    
  -67.75820      -21.95690       49.88290    
  -67.10500      -22.25630       5.827600    
  -66.80480      -22.46130       4.607200    
  -67.21240      -22.27940       5.065500    
  -67.20600      -22.88320       91.58890    
  -67.03270      -22.38320       5.720200    
  -67.03250      -22.38360       5.387000    
  -67.02640      -22.38380       4.960500    
  -67.03700      -22.38240       11.21870    
  -67.03480      -22.38080       6.437500    
  -67.03480      -22.39520       8.840300    
  -66.97210      -21.91000       5.022600    
  -67.13600      -22.18990       99.96710    
  -67.97800      -21.59810       67.65150    
  -67.88380      -22.16610       14.49120    
  -67.57150      -22.06680       39.83110    
  -67.27340      -22.26880       23.03490    
  -67.62580      -22.36580       22.04660    
  -67.76360      -22.04830       53.90140    
  -67.72200      -22.39110       93.42540    
  -67.81920      -22.03890       59.45930    
  -67.63230      -21.94180       43.97570    
  -67.20860      -22.27370       7.672000    
  -67.28540      -22.57630       4.489700    
  -67.27950      -22.59160       4.996200    
  -67.82080      -22.23390       54.43790    
  -67.29560      -21.77710       91.56570    
  -67.13270      -22.52400       73.90990    
  -67.64170      -22.40780       9.952300    
  -67.09820      -22.72260       2.112600    
  -67.72610      -22.10730       55.98110    
  -67.30530      -21.88720       81.40330    
  -67.85200      -22.10580       59.72840    
  -66.91310      -22.71920       17.18870    
  -66.75720      -21.90840       5.413600    
  -67.29200      -22.08320       3.629400    
  -67.55820      -22.33370       39.51850    
  -67.21250      -22.01630       5.287900    
  -67.02390      -22.37220       4.328200    
  -67.48130      -22.06460       27.62110    
  -67.31640      -22.15450       13.47350    
  -66.93400      -21.84790       90.05930    
  -67.09660      -22.46470       4.253300    
  -67.09730      -22.46450       4.536600    
  -67.09720      -22.46800       4.540300    
  -67.09670      -22.46630       4.591700    
  -67.09560      -22.46110       4.246200    
  -67.12510      -22.40460       4.934000    
  -67.10360      -22.46820       4.817200    
  -67.10100      -22.45460       4.942300    
  -67.10720      -22.47980       4.709300    
  -67.09620      -22.46880       4.469100    
  -67.09740      -22.46680       4.315000    
  -67.09770      -22.46870       4.759000    
  -67.09330      -22.45600       4.227900    
  -67.08460      -22.45260       4.128900    
  -67.09040      -22.45170       3.875700    
  -67.09750      -22.45440       4.449300    
  -67.10850      -22.47480       4.671000    
  -67.09220      -22.44890       3.693800    
  -67.09860      -22.46440       4.437200    
  -67.11020      -22.48550       4.816900    
  -67.10140      -22.46010       4.030800    
  -67.10050      -22.46470       4.681300    
  -67.09560      -22.45960       4.472600    
  -67.11050      -22.46970       5.391900    
  -67.09150      -22.46410       4.610700    
  -67.75370      -22.37190       47.38890    
  -67.10680      -22.45200       4.615700    
  -67.09520      -22.46160       4.638700    
  -67.10260      -22.45990       4.538100    
  -67.10850      -22.46870       5.646800    
  -67.11030      -22.45780       5.438300    
  -67.09610      -22.46470       4.534800    
  -67.09720      -22.46590       4.603600    
  -67.07800      -22.43040       1.552800    
  -67.08900      -22.44840       3.954800    
  -67.10110      -22.47510       4.087500    
  -67.09780      -22.45960       4.443000    
  -67.32830      -22.76930       99.97390    
  -67.11090      -22.70870       99.99100    
  -66.80460      -22.41400       19.19760    
  -66.94460      -21.90120       8.603300    
  -67.06800      -22.30110       5.070100    
  -67.24650      -22.16670       99.96870    
  -67.06690      -22.30060       5.104200    
  -67.28750      -22.26690       2.909800    
  -66.85290      -22.43350       5.055200    
  -67.03910      -22.37690       4.110300    
  -67.57890      -22.00340       55.36250    
  -66.80750      -22.48570       5.187000    
  -67.20590      -22.29390       3.531500    
  -67.17370      -22.30560       3.626600    
  -67.22440      -22.33990       5.800800    
  -67.19590      -22.34530       19.02890    
  -67.18770      -22.33280       4.699500    
  -67.18390      -22.32880       4.252000    
  -67.19000      -22.33150       4.740700    
  -67.35170      -22.10030       25.79720    
  -67.25420      -22.19550       4.983900    
  -67.15190      -22.28360       3.772800    
  -67.15610      -22.29190       4.842000    
  -67.26730      -22.18900       5.961600    
  -67.22170      -22.27580       4.636100    
  -67.22480      -22.27620       4.364900    
  -67.16310      -22.29890       3.834200    
  -67.16160      -22.30260       4.465200    
  -66.83130      -22.44040       3.990200    
  -67.25760      -22.19360       4.519600    
  -67.26060      -22.19650       4.145900    
  -67.26170      -22.19780       4.555500    
  -67.26060      -22.19770       4.186200    
  -67.25780      -22.19520       4.495500    
  -67.29050      -22.17490       12.42170    
  -67.26150      -22.21750       14.91960    
  -67.28180      -22.17600       12.63530    
  -67.23120      -22.19560       13.10310    
  -67.70230      -22.40950       20.92710    
  -66.68820      -22.56020       19.88090    
  -66.90080      -22.41380       3.381000    
  -66.93460      -21.88160       10.62330    
  -67.63070      -22.65470       3.785500    
  -67.27330      -22.27950       7.043400    
  -67.26180      -22.26830       4.675100    
  -66.71220      -22.54400       22.65320    
  -67.25550      -22.28020       5.742400    
  -67.27220      -22.27300       4.665600    
  -67.45330      -22.68530       19.74830    
  -67.43690      -22.49550       19.82040    
  -66.71860      -22.57770       25.88890    
  -67.41890      -22.51920       14.09780    
  -67.18460      -22.30790      0.2738000    
  -66.76780      -22.50200       27.00960    
  -66.57160      -22.65380       8.750400    
  -67.16980      -22.30170       3.305000    
  -67.23170      -22.38850      2.3499999E-02
  -67.18630      -22.33520       4.837200    
  -67.25530      -22.15550       4.345200    
  -66.63320      -22.61890       20.02630    
  -66.60260      -22.65140       12.70220    
  -66.73700      -22.61520       31.14490    
  -66.57640      -22.63390       15.75840    
  -67.09390      -22.45440       4.374400    
  -67.61020      -22.67130       6.971900    
  -67.20480      -22.40980       4.228800    
  -67.20520      -22.41470       4.374900    
  -67.16020      -22.26470       4.635400    
  -66.59320      -22.60530       15.12670    
  -67.30470      -21.85640       74.50660    
  -67.75690      -22.06310       4.474600    
  -67.23580      -22.23170       5.810100    
  -67.24300      -22.22370       4.494400    
  -67.11080      -22.56390       3.812000    
  -67.10070      -21.93920       5.424500    
  -66.90910      -22.37910       11.39920    
  -66.60570      -22.61850       14.10940    
  -67.40040      -22.45930       47.59750    
  -66.95930      -22.36880       7.762900    
  -67.18310      -22.26220       9.386700    
  -67.61810      -21.89340       62.52580    
  -67.39820      -21.90700       31.93080    
  -67.71120      -21.90740       53.60960    
  -67.53700      -21.84170       57.79430    
  -66.56990      -22.63090       12.81990    
  -67.27770      -22.28740       4.611900    
  -66.67570      -22.57320       24.34720    
  -67.02670      -22.38710       4.755100    
  -66.59780      -22.59380       19.92240    
  -67.75610      -22.28130       31.71800    
  -67.02990      -22.39170       5.120100    
  -67.10670      -22.36570       6.361800    
  -67.10330      -22.54070       3.978100    
  -66.97140      -22.13560       4.811600    
  -67.21610      -22.32930       4.046900    
  -67.21260      -22.32740       4.122400    
  -67.21330      -22.32650       4.355500    
  -67.21070      -22.32540       4.177700    
  -67.21180      -22.32510       3.104900    
  -67.21660      -22.32400       4.349700    
  -67.22180      -22.33340       4.515600    
  -67.21080      -22.32340       4.000000    
  -67.22550      -22.33470       3.947400    
  -67.19720      -22.26140       26.69200    
  -67.21220      -22.32740       3.884000    
  -67.21720      -22.32560       3.987800    
  -67.21280      -22.32800       4.545000    
  -67.21420      -22.32740       3.568200    
  -67.20930      -22.32290       4.038600    
  -67.20700      -22.31880       4.040600    
  -67.20880      -22.31750       4.358400    
  -67.21380      -22.28840       4.954900    
  -66.98380      -22.40910       20.86410    
  -67.02450      -22.39590       4.255600    
  -67.56230      -22.46390       103.5692    
  -67.22790      -22.14810       106.3330    
  -67.17430      -22.27150       4.500500    
  -67.73740      -22.20460       10.58780    
  -67.20180      -21.93530       106.6764    
  -67.23220      -21.92010       107.0709    
  -67.25660      -21.97630       106.3720    
  -67.49740      -22.31590       111.2899    
  -67.22180      -22.34050       113.3642    
  -66.99980      -22.43730       103.2123    
  -67.27590      -22.04260       159.9095    
  -66.89030      -22.41470       100.8361    
  -67.11480      -21.73300       106.3719    
  -67.35390      -22.46240       115.8257    
  -67.09470      -22.06840       103.5333    
  -67.16540      -22.53610       223.0429    
  -67.03200      -22.54300       201.1280    
  -67.35450      -22.32430       116.3905    
  -67.27110      -22.48680       107.1944    
  -67.17410      -22.44400       115.6804    
  -67.14300      -22.15570       122.1828    
  -67.38170      -21.99670       107.6077    
  -67.31770      -21.98370       105.4199    
  -67.36380      -21.89750       124.3772    
  -67.21270      -21.80830       106.5256    
  -67.04910      -21.26240       191.8521    
  -67.15890      -22.60050       178.7637    
  -66.79140      -22.20810       109.6308    
  -67.00790      -21.49180       198.8060    
  -66.90750      -22.43170      -2.941400    
  -66.93480      -22.72420       15.23070    
  -67.75300      -21.86190       10.27560    
  -67.56840      -21.97430       20.82500    
  -67.71230      -21.88790       16.13280    
  -67.82240      -21.82640       5.831600    
  -67.43360      -21.93140       53.72110    
  -67.77880      -21.85410       22.01910    
  -67.79620      -21.82310       10.49060    
  -67.25110      -22.43200       43.33940    
  -67.69360      -22.18440       39.97580    
  -66.80660      -22.20290       92.73900    
  -67.28080      -22.12280       99.09980    
  -67.75000      -22.03810       52.16970    
  -67.29010      -22.68440       142.7995    
  -67.09370      -22.10940       109.7976    
  -67.32270      -22.10630       25.96440    
  -67.35490      -22.26150       16.57790    
  -67.08000      -22.38410       2.994800    
  -67.07020      -22.38840      0.2463000    
  -67.09190      -22.47780       4.101500    
  -67.76570      -22.26010       18.67540    
  -67.72190      -22.26310       19.19410    
  -67.73610      -22.23440       8.873400    
  -67.16750      -22.26960       4.441100    
  -67.69020      -21.87740       11.08800    
  -67.75440      -21.86480       14.62440    
  -67.74220      -21.87940       12.57490    
  -67.79380      -21.83710       8.642000    
  -67.83930      -22.17050       15.85150    
  -67.96240      -22.33370       89.79170    
  -67.21040      -22.23550       4.751200    
  -67.73300      -22.53730       12.86000    
  -67.67290      -22.53450       9.836500    
  -67.71610      -22.34770       6.433900    
  -67.21890      -22.21490       21.63480    
  -66.82620      -22.08660       29.72120    
  -67.20840      -22.23910       4.663300    
  -67.21020      -22.24210       4.829600    
  -67.19200      -21.74750       249.6165    
  -67.21810      -22.27940       4.592300    
  -67.20740      -22.23980       7.060700    
  -68.22870      -22.77430      -2.417300    
  -67.18490      -22.26290       5.061200    
  -67.12980      -22.29610       4.678700    
  -67.19780      -22.24310       10.61490    
  -67.21610      -22.27840       4.624600    
  -67.14760      -22.41180       4.213600    
  -67.14780      -22.40800       4.071800    
  -67.15410      -22.41770       6.140600    
  -67.14160      -22.41540       4.844000    
  -67.15370      -22.40710       4.543000    
  -67.15030      -22.41060       5.096700    
  -67.15030      -22.41320       4.646900    
  -67.14620      -22.41130       4.608800    
  -67.14660      -22.40840       4.528400    
  -67.13650      -22.41160       4.598500    
  -67.14780      -22.40690       4.657600    
  -67.14960      -22.43240       15.08430    
  -67.19520      -22.38800       5.531500    
  -67.15110      -22.41750       4.713000    
  -67.14760      -22.41510       5.300200    
