   35.52179       36.93332       21.15000    
   35.89603       37.23044       23.75000    
   35.56342       36.99825       31.25000    
   35.91486       36.87706       15.95000    
   35.69977       37.53543       15.30000    
   37.96552       37.92292       9.250000    
   34.26154       36.64180       33.00000    
   35.93164       37.41002       22.30000    
   35.43604       36.89051       23.60000    
   35.83862       37.39748       18.85000    
   35.46631       36.90834       21.40000    
   36.28851       37.40949       16.90000    
   36.00494       37.07962       21.20000    
   37.35104       37.66404       9.050000    
   35.57056       37.01560       31.15000    
   36.30437       37.11827       15.15000    
   35.68484       37.55665       16.55000    
   35.72784       37.52885       11.75000    
   35.89163       37.27149       36.65000    
   35.70572       37.01067       25.25000    
   35.59790       37.29502       27.05000    
   35.59543       37.00209       23.55000    
   35.85510       37.17276       26.30000    
   35.42880       36.87595       31.35000    
   35.46344       36.89837       23.45000    
   35.56235       36.97922       26.00000    
   35.14755       37.53225       9.050000    
   34.73969       36.90314       27.15000    
   35.13876       37.12418       31.05000    
   35.60406       37.16261       25.15000    
   35.83633       37.21212       24.60000    
   35.18066       36.98202       31.20000    
   36.47454       37.25851       11.20000    
   35.71472       37.56303       9.150000    
   35.39798       36.90597       27.75000    
   35.68097       37.53024       14.55000    
   36.01361       37.17301       19.15000    
   37.97600       37.91430       13.65000    
   36.39600       36.28245       32.20000    
   35.56650       37.00659       26.05000    
   37.45060       37.72986       15.10000    
   37.44331       37.73968       9.750000    
   35.64600       36.99738       21.10000    
   35.61212       37.04248       22.70000    
   35.91495       37.42028       15.70000    
   35.90805       37.40800       18.15000    
   35.90485       37.40004       18.70000    
   35.61847       37.00155       21.25000    
   36.00055       37.20923       17.45000    
   37.48000       37.71500       9.950000    
   35.90768       37.41528       17.85000    
   37.26447       37.93419       8.000000    
   36.20483       37.71775       9.750000    
   35.56796       37.05124       24.35000    
   37.49635       37.78231       9.250000    
   36.17615       37.50225       18.80000    
   36.02933       36.97198       18.95000    
   37.45477       37.72910       6.650000    
   35.43146       36.86217       19.10000    
   37.48950       37.70108       11.80000    
   35.64963       37.60653       17.15000    
   35.44177       36.91387       19.05000    
   36.38652       37.39050       11.60000    
   37.47771       37.70102       9.650000    
   35.70038       37.51678       10.05000    
   37.45773       37.72682       12.00000    
   37.46224       37.71718       6.750000    
   35.84116       37.51905       12.00000    
   37.51917       38.16796       1.250000    
   36.67857       36.95150       11.85000    
   36.68021       36.95697       9.100000    
   36.08578       37.05095       8.000000    
   35.90109       37.41548       15.95000    
   35.89160       37.41479       21.20000    
   37.95795       37.90231       11.25000    
   35.59644       37.03273       30.65000    
   36.32746       37.15550       17.05000    
   36.30907       37.15950       8.000000    
   36.30636       37.16850       13.90000    
   37.73695       37.80217       5.000000    
   35.84958       37.46451       20.80000    
   36.90429       37.20203       7.950000    
   36.14767       37.77496       46.35000    
   37.54617       38.04320       8.250000    
   36.92442       37.19764       2.700000    
   35.68478       37.55140       10.80000    
   36.82997       37.86937      -1.604699    
   36.48424       37.36332      -1.000000    
   37.12650       37.15813      -1.050000    
   36.32071       37.16777       10.95000    
   35.83008       36.10965       26.58532    
   35.69846       37.56943       1.250000    
   35.67773       37.59081     -0.7500000    
   37.11939       37.18457     -0.8999996    
   36.37833       37.08254       5.000000    
   35.96143       37.24244       1.100000    
   36.23141       37.18800       7.000000    
   35.69019       37.53649       7.800000    
   35.07373       36.98639       34.80000    
   35.72275       37.54989       1.177785    
   36.13226       37.51425       1.150000    
   35.82626       36.98050       21.05000    
   36.75253       36.92329       13.80000    
   36.03537       36.08903       19.40000    
   36.60344       37.92797       1.250000    
   36.93945       37.25924       3.000000    
   35.15588       37.18430       40.10000    
   35.69342       37.54504       11.70000    
   36.18631       37.68100       1.250000    
   35.70337       37.50609       10.95000    
   36.51694       37.77964      -1.600000    
   36.42341       37.92901      -1.700000    
   35.36267       37.09250       25.60000    
   36.92013       37.12727       1.250000    
   36.16010       37.76091       7.050000    
   35.51053       36.95300       26.00000    
   35.18671       36.97763       34.85000    
   35.61078       37.59409       43.60000    
   36.63351       36.62847       1.000000    
   36.89437       37.15559     -0.8000000    
   36.44110       37.15404       6.000000    
   37.02689       37.45773       2.900000    
   36.10336       37.04399       9.100000    
   35.55185       36.84767       34.95000    
   35.81610       36.13804       23.15000    
   37.04005       37.26852       5.050000    
   37.20712       37.54937       9.250000    
   35.71069       37.50406       11.35000    
   35.68121       37.29764       24.95000    
   36.24405       37.29951       11.90000    
   35.58768       37.14939       31.20000    
   35.03259       36.70878       54.65000    
   36.30616       37.74949       5.950000    
   35.28244       37.20067       31.90000    
   35.93396       37.24459       21.05000    
   35.73416       37.11868       28.10000    
   35.61700       37.55678       12.90000    
   36.52586       37.60895       12.00000    
   36.03073       37.22994       26.25000    
   36.39168       37.58599      -1.150000    
   35.94965       37.16816       24.00000    
   35.85718       37.25884       23.85000    
   36.73291       37.36648       1.000000    
   36.54369       37.78311      -1.350000    
   36.08536       37.75075       12.00000    
   35.15128       37.00938       32.20000    
   35.51248       36.93215       25.60000    
   35.56290       36.94164       23.85000    
   35.58368       37.54776       12.05000    
   36.05902       37.20071       15.25000    
   35.54065       37.57708       10.20000    
   35.56448       37.00058       29.15000    
   36.20908       37.08373       1.250000    
   35.49744       37.00603       30.50000    
   36.36852       37.39075       7.650000    
   36.40380       37.37324       1.250000    
   35.41248       37.70000       13.20000    
   36.59988       37.70652       9.050000    
   35.51608       36.90297       22.60000    
   36.29498       35.74952       21.10000    
   36.27689       37.19677       7.800000    
   34.99390       37.34550       45.85000    
   35.72998       37.38020       54.00000    
   34.57254       37.08738       73.50000    
   35.62091       37.00260       23.95000    
   35.19781       37.18269       37.20000    
   35.40729       36.87671       30.90000    
   35.86337       37.40289       21.75000    
   36.27917       37.34126       1.250000    
   35.73245       37.20928       23.05000    
